-------------------
Question-1
-------------------
1 2 3 4 5
1 2 3 4
1 2 3
1 2
1
-------------------
Question-2
-------------------
1 2 3 4 5
2 3 4 5
3 4 5
4 5
5
-------------------
Question-3
-------------------
5 4 3 2 1
4 3 2 1
3 2 1
2 1
1
-------------------
Question-4
-------------------
1
1 2
1 2 3
1 2 3 4
1 2 3 4 5
-------------------
Question-5
-------------------
5
4 5
3 4 5
2 3 4 5
1 2 3 4 5
-------------------
Question-6
-------------------
1
2 1
3 2 1
4 3 2 1
5 4 3 2 1
-------------------
Question-7
-------------------
5
5 4
5 4 3
5 4 3 2
5 4 3 2 1
-------------------
Question-8
-------------------
1
2 2
3 3 3
4 4 4 4
5 5 5 5 5
-------------------
Question-9
-------------------
1 1 1 1 1
2 2 2 2
3 3 3
4 4
5
-------------------
Question-10
-------------------
1 2 3 4 5
4 3 2 1
1 2 3
2 1
1
-------------------
Question-11
-------------------
1
0 1
1 0 1
0 1 0 1
-------------------
Question-12
-------------------
1
2 4
1 3 5
2 4 6 8
1 3 5 7 9
-------------------
Question-13
-------------------
5 5 5 5 5
4 5 5 5 5
3 4 5 5 5
2 3 4 5 5
1 2 3 4 5
-------------------
Question-14
-------------------
1
2 6
3 7 10
4 8 11 13
5 9 12 14 15
-------------------
Question-15
-------------------
1 2 3 4 4 3 2 1
1 2 3 * * 3 2 1
1 2 * * * * 2 1
1 * * * * * * 1
-------------------
Question-16
-------------------
5 4 3 2 *
5 4 3 * 1
5 4 * 2 1
5 * 3 2 1
* 4 3 2 1
-------------------
Question-17
-------------------
1
2 1
3 2 1
4 3 2 1
5 4 3 2 1
-------------------
Question-18
-------------------
1 2 3 4 5
6 7 8 9
10 11 12
13 14
15
-------------------
Question-19
-------------------
1
4 9 16
25 36 49 64 81
100 121 144 169 196 225 256
289 324 361 400 441 484 529 576 625
-------------------
Question-20
-------------------
1
1 2
1 2 3
1 2 3 4
1 2 3 4 5
-------------------
Question-21
-------------------
1 1 1 1 1
1 1
1 1
1 1
1 1 1 1 1
-------------------
Question-22
-------------------
1
1 2 3
1 2 3 4 5
1 2 3 4 5 6 7
1 2 3 4 5 6 7 8 9
1 2 3 4 5 6 7
1 2 3 4 5
1 2 3
1
-------------------
Question-23
-------------------
1
1 1
1 2 1
1 3 3 1
1 4 6 4 1
-------------------
Question-24
-------------------
1
2 4
3 6 9
4 8 12 16
5 10 15 20 25
6 12 18 24 30 36
7 14 21 28 35 42 49
8 16 24 32 40 48 56 64
9 18 27 36 45 54 63 72 81
10 20 30 40 50 60 70 80 90 100
-------------------
Question-25
-------------------
1 2 3 4 5
2 1 2 3 4
3 2 1 2 3
4 3 2 1 2
5 4 3 2 1
-------------------
Question-26
-------------------
1
1 2 1
1 2 3 2 1
1 2 3 4 3 2 1
1 2 3 4 5 4 3 2 1
-------------------
Question-27
-------------------
1
2 3 2
3 4 5 4 3
4 5 6 7 6 5 4
5 6 7 8 9 8 7 6 5
-------------------
Question-28
-------------------
1 1
2 2
3 3
4
3 3
2 2
1 1
-------------------
Question-29
-------------------
1
2 2
3 3
4 4
3 3
2 2
1
-------------------
Question-30
-------------------
1
2 6
3 7 10
4 8 11 13
5 9 12 14 15
-------------------
